0,467
0,466
0,465
0,464
0,463
35,13
35,12
35,11
0,462
0,459
0,457
0,453
0,452
0,447
0,446
35,10
0,442
0,441
0,437
65,36
0,433
0,432
0,430
0,427
33,94
33,93
33,92
33,91
65,35
10,9
10,35
10,105
10,1
10,23
10,2
10,3
11,26
11,10
11,8
11,5
11,17
11,1
11,23
11,2
11,3
9,7
9,1
9,5
9,2
9,3
8,7
8,14
8,5
8,13
8,15
8,8
8,2
20,1
20,3
54,5
54,4
54,3
54,2
54,1
54,0
53,4
53,3
53,2
53,1
53,0
52,4
52,3
52,2
52,1
52,0
51,5
51,4
51,3
51,2
51,1
51,0
50,5
50,4
50,3
50,2
50,1
50,0
49,4
49,3
49,2
49,1
49,0
48,4
48,3
48,2
48,1
48,0
47,5
47,4
47,3
47,2
47,1
47,0
46,5
46,4
46,3
46,2
46,1
46,0
45,3
45,2
45,1
45,0
35,9
35,8
35,1
34,7
34,6
33,191
33,190
33,189
33,188
33,187
33,186
33,185
33,184
33,183
33,182
33,181
33,180
33,179
33,178
33,177
33,176
33,175
33,174
33,173
33,172
33,171
33,170
33,169
33,168
33,167
33,166
33,165
33,164
33,163
33,162
33,161
33,160
33,159
33,158
33,157
33,156
33,155
33,154
33,153
33,152
33,151
33,150
33,142
33,141
